%YAML:1.0
---
pointLc: [ 1.5833275146484375e+03, 9.8977221679687500e+02 ]
pointL1: [ 1.0999182128906250e+03, 1.0208818969726562e+03 ]
pointR1: [ 1.6181177978515625e+03, 1.0313898925781250e+03 ]
pointL2: [ 1.0718662109375000e+03, 9.3764666748046875e+02 ]
pointR2: [ 1.5833275146484375e+03, 9.4815460205078125e+02 ]
pointL3: [ 1.0425225830078125e+03, 9.9388079833984375e+02 ]
pointR3: [ 1.5366649169921875e+03, 1.0043887329101562e+03 ]
pointL4: [ 1.1292618408203125e+03, 9.6464776611328125e+02 ]
pointR4: [ 1.6222792968750000e+03, 9.7515570068359375e+02 ]
pointL5: [ 1086., 933. ]
pointR5: [ 1581., 939. ]
pointL6: [ 1089., 1026. ]
pointR6: [ 1587., 1038. ]
Time: "Wed May 15 21:19:46 2019\n"
